0.08319155391215083 0.061717396943219406 0.04663343285547999 0.07942091977487002 0.08252411108094344 0.07492438979035732 0.052945577428323544 0.058122053175864066 0.07771337973677257 0.05158451331570562 0.0610013947880496 0.0879098298472287 0.0547888595459513 0.048586677960106496 0.07893590984497724

0.06934971498936725 0.07571026315414596 0.07904412289621944 0.07140959635519832 0.0683933792997319 0.06361872051931196 0.05658594107536533 0.07360980686918447 0.05854060197841609 0.06891078020425682 0.061053479085181786 0.060048778791143086 0.05602950154263744 0.06534858195684291 0.07234673128299733

0.07447965111065094 0.08312329079980825 0.07132823809737443 0.06319259971181412 0.06304632501600137 0.06167568541933879 0.0773941761296067 0.04563249197342974 0.05991006952908916 0.06108684711449897 0.07937854233810138 0.054072125337276664 0.057933780699339125 0.07346805911771334 0.07427811760595704

0.05903607365179137 0.07892673386144121 0.06127353988123559 0.0617665483466263 0.07464453192570698 0.07058828493962176 0.06542371751110199 0.06117562310990034 0.06503830451164383 0.06312265092741108 0.06499557874104948 0.0657687420591714 0.06860316746611624 0.07476483018544443 0.06487167288173783

0.0645666734966897 0.07271955324832009 0.07479914202755679 0.054015058922090235 0.06985301836701766 0.07307328748503969 0.06969192801306558 0.07135696223500827 0.051996011361724284 0.05211359429754921 0.06056207515808156 0.07366358174411136 0.060180128945623856 0.07045197598827208 0.08095700870984965

0.06889500182444112 0.059927438801403714 0.06282172618357147 0.06344198535658975 0.04742010597684232 0.05822541120662761 0.07844952701909251 0.08088466226478157 0.06805670842346842 0.05357321462309984 0.06962610461767411 0.08976379169498759 0.07109030524774082 0.06748613670748749 0.06033788005219163

0.058093061738816905 0.06429588847739373 0.08723821277686479 0.07989780120879461 0.06733142044609595 0.0979522616407527 0.06996892560717625 0.06761026609659274 0.06587004700442539 0.07023576259068114 0.06570116948937492 0.05197808277263366 0.05464062106837415 0.04563848156035087 0.053547997521672365

0.07172084877447045 0.06164410300259015 0.06830991715705952 0.07848764233019753 0.053972623402059244 0.06133835853309272 0.06687333896446726 0.065715107087127 0.07837499894458828 0.08028883885695615 0.05015906397047896 0.07215705592199365 0.07069897631571617 0.0606704826308407 0.0595886441083622

0.07254965221911204 0.045374819716697816 0.06282176141558149 0.06548840960876057 0.06208575993843358 0.07594227005533846 0.06192323066788669 0.05693713438951625 0.06418541785411297 0.07875449930487036 0.05223786889542277 0.10088382489627183 0.07339266701196365 0.04743732342184549 0.079985360604186

0.06391252230189197 0.05791237302331534 0.054809383445065946 0.0355503395510858 0.07306420517315146 0.059636432522600695 0.05757172734362254 0.06437597563547034 0.0648781613910319 0.07934466879345861 0.08339682057776049 0.06313136210332679 0.0700484428367893 0.08961884344874191 0.08274874185268694

0.06514783575855268 0.05514409812187035 0.05441029847850319 0.07199317157641692 0.08951647231225189 0.059038846790050614 0.06921167244286423 0.06845804843741518 0.0619953691676765 0.06074317274066928 0.0683735086651772 0.07998617443285727 0.06738002360818132 0.058905729435495845 0.06969557803201756

0.061347665780292666 0.08271247471412614 0.05667022248539817 0.06890037429528566 0.0689379620820519 0.07116417218012862 0.05038927148290734 0.0904454610343014 0.05807707764547808 0.06852797297549337 0.07176813510651385 0.06332888178467873 0.05732826981992304 0.06840033483438175 0.062001723779039314

0.07066186579462926 0.07954520223648426 0.0724697486798271 0.04250375715302265 0.06993174168109388 0.06128085298061757 0.07433882258718463 0.0690062578522325 0.0733316563893553 0.06600886691373996 0.066491272736403 0.07527652257341913 0.06001004017019871 0.056421961075505275 0.06272143117628673

0.058595467834129666 0.07276304615973107 0.054255621780442784 0.06390781114777425 0.06193802229788237 0.07928677324818681 0.07608794442793806 0.06461887216393844 0.06222511595702909 0.07208992705983801 0.0832042710906646 0.06800404713031136 0.0657249718202155 0.0716901024138912 0.045608005468026756

0.08673210655697836 0.06903646689665635 0.06758218030828395 0.06846803117592137 0.0705810523170779 0.06017726903162319 0.06856316803290793 0.06576098239224216 0.05865370272750027 0.060744974524640866 0.07788662527843374 0.0626963710176783 0.06092749389300228 0.047164293373910066 0.07502528247314329

0.06184313477924952 0.06491922714877804 0.07803250027593892 0.07093321170464993 0.0798931540327594 0.07369383686809225 0.07219013724699512 0.053868641348090524 0.07781199308138263 0.059278228018665266 0.06763872518259337 0.04492226991575104 0.058629232424436836 0.07107213962760515 0.06527356834501204

0.0718833848976246 0.0661022258247973 0.06449404768670504 0.06903010588537493 0.07395958385817797 0.053144693772333086 0.06320940553739385 0.05648444411310282 0.09684341129972845 0.0770538571818918 0.06025976840087494 0.05067242594940535 0.06890406945511705 0.056481490638883594 0.07147708549858901

0.062449878127399217 0.07473307265656837 0.0751303049689368 0.06359923132586812 0.07058930893873566 0.06670175788303936 0.06889473106827874 0.046797244394677404 0.05915488858488295 0.06568030139965464 0.0608847817528467 0.06146806957197485 0.06533545249919723 0.07760126977742399 0.08097970705051602

0.07023580872107803 0.06597258121412135 0.06574483829606234 0.0643317058823113 0.07951243184182509 0.059771890719841715 0.07440651305267403 0.07175798362719683 0.07064674376481062 0.05434600345809995 0.059806270761891996 0.07262323929662871 0.07377062171074267 0.06859066162986677 0.04848270602284857

0.056695281718576046 0.0904322198482821 0.06908718331500822 0.07582521716040493 0.06563571798498158 0.0772065720199002 0.0782882188070849 0.06206111743739248 0.06557718384425941 0.04726283221026235 0.059839693836304914 0.06647091084791558 0.06699652790124573 0.057317250854902815 0.06130407221347857

0.07103213184684756 0.07047083199082413 0.06976946734255167 0.04927014344070177 0.06785061766685209 0.056351577576700784 0.06704671171370691 0.06154965310946001 0.06995464631724732 0.07099821301583696 0.05923587101401993 0.06320184964613301 0.08394067759142998 0.07648292156593164 0.06284468616175626

0.07238255797240073 0.07611791049435637 0.0654437361984007 0.06508576779494327 0.06766440652339013 0.07793657093484356 0.05941486860974915 0.0723670304759263 0.07761968149120946 0.07843033662787909 0.06254108263646328 0.06308098938340288 0.057838022531869045 0.04754124257955787 0.05653579574560797

0.0590847125378024 0.07706548890773036 0.08315839477164426 0.0618545120958789 0.055574683998533936 0.07077602801727136 0.04606800007287785 0.06886399534366754 0.06187797809428113 0.05216811932578758 0.08749105794171666 0.07118501333468426 0.08412180768491083 0.06456909970284554 0.05614110817036724

0.0650864199447284 0.07405407780838741 0.07609474929162131 0.05851875050718202 0.07712158670039183 0.05739315661672142 0.0674946166086128 0.06309366472125671 0.056580222286813746 0.07280451474137435 0.06731606649912246 0.06708203737196886 0.06845879068166218 0.06419418149745247 0.06470716472270421

0.08523788413140623 0.06556363850026428 0.062356260602127254 0.05831801573866873 0.06705842515234493 0.06274254282030481 0.055644728486807564 0.05322217854921574 0.05261989713241399 0.06570736383475625 0.07298266328612851 0.06481422662205855 0.0741993643133986 0.07795081333919014 0.08158199749091441

0.07403051044387048 0.056011849421161025 0.08500206986284675 0.07142577062527362 0.08094218064278122 0.05767216769230035 0.06359348660721752 0.07458342034972756 0.06442716546574465 0.0618729274031557 0.06374568127236716 0.0597942012528164 0.06822492809474329 0.06242323786035567 0.05625040300563865

0.0750150057537783 0.05828194741068515 0.05907776878830409 0.05741690140644161 0.0824372094923817 0.06949459078218384 0.06957663858891677 0.06839824833892182 0.061554015132508584 0.058666097885240895 0.05549432537829034 0.07711509460494013 0.07591784286648154 0.05725339944845198 0.07430091412247325

0.06347941724473394 0.07065938284109094 0.06438306234490583 0.05674217302240657 0.05987423611466743 0.07205901408186113 0.0766910228395598 0.08209226611691138 0.08218651136744134 0.07195587464649834 0.06605316981360417 0.03534835010304414 0.06749891800088449 0.0664830340656911 0.06449356739669936

0.07863808134007587 0.07723728195656478 0.060814027652983625 0.052658966434205735 0.07531804317422688 0.0756087709410409 0.06638379279853213 0.053504282207357895 0.050465075537048196 0.06113714528948745 0.055675398759617176 0.07983700771984722 0.06173723102698275 0.08595936124282982 0.06502553391919963

0.0527335825375892 0.07137104831462561 0.06237414200291441 0.08083773560000672 0.054862481835649526 0.08033008043150718 0.07004903420115642 0.07240733394817014 0.06966493066618573 0.07170151549493275 0.0622058788627133 0.06240378844602455 0.055896223883271395 0.07233164978615128 0.06083057398910173

0.06708639360882651 0.06758464653675232 0.08248037137166316 0.08134136475404899 0.07706275429681866 0.06495130118926604 0.06713549340419171 0.057113043865778805 0.06280208257493895 0.05526716554476779 0.07437398833258257 0.055213508085917795 0.06958282235083094 0.04605850700198297 0.07194655708163278

0.04449780229712288 0.06334912144227133 0.08056092385206354 0.07367156012195783 0.0622487745576378 0.05230127927176546 0.06156764136028786 0.07754590307406146 0.06497258466902676 0.05694511339449192 0.07002748818524322 0.05881974530571367 0.08718220638618437 0.06596471943872838 0.08034513664344355

0.04616200000915364 0.06213804348824821 0.08405725074299306 0.0632419554305575 0.06606151845242979 0.06861925005619876 0.05124576956166085 0.06386037219150206 0.06940367350742897 0.06931084270012915 0.0554837209529677 0.07455688355568912 0.06681450268432368 0.08644881834640022 0.0725953983203173

0.07130949835855958 0.08222384343362374 0.07233614737834557 0.06037579090033831 0.05966777548574491 0.07013379160988795 0.05301255084534212 0.06630233484670914 0.07083434941208847 0.06437338423564666 0.07721237140771176 0.07002749718818432 0.05939852603617987 0.05464167599443526 0.06815046286720233

0.06007461964248365 0.05925188272292543 0.07504526277365738 0.062347043884998544 0.07704787028910316 0.0637614301113543 0.06058723473152093 0.06196174336920282 0.06977120876233363 0.060798138198431044 0.06193251001382224 0.07111846983618902 0.08037002417086918 0.06653863804190557 0.06939392345120321

0.06708713133307198 0.05385955956755081 0.0691611637709958 0.07154413582812919 0.07831738092235956 0.07456777872120815 0.05043656268327119 0.07912777391753051 0.06148519223547419 0.07539707519849188 0.05891910925663578 0.05560691803074784 0.06770826518126558 0.06388306618980177 0.07289888716346571

0.061950275225825725 0.07201666522748301 0.04940964387139629 0.06376185950436762 0.06851493853316672 0.06850316076470171 0.08134958758886487 0.06860250111388018 0.07829851026641428 0.05381237768613619 0.07495714465665387 0.07229070105714733 0.07332151301026582 0.05111938279840382 0.06209173869529275

0.06272020449692339 0.06204365710180039 0.06632757256454258 0.05817836489265984 0.06763933375581714 0.06251645539035998 0.07161329381476683 0.0761096196488546 0.0583068353608036 0.06777006465217252 0.06677708573281678 0.06495842361383336 0.0730266746231441 0.06999866648089487 0.07201374787061006

0.05197772434781241 0.07473761202204918 0.07786861689793714 0.07114516074919096 0.07044020676198533 0.07029648625230031 0.06305579303040282 0.05259143186626148 0.05302375359340917 0.07934799820226271 0.05413842032780977 0.0677941562948649 0.07482468199774767 0.057712286915069265 0.08104567074089689

0.076183369641551 0.07913585249310467 0.06233392848722865 0.06567999588590391 0.08443771623288718 0.054775507550852094 0.06201271224735735 0.05557814606627756 0.05653576377067066 0.07270394607573728 0.06909746983659067 0.0687445821944533 0.06392833364174316 0.07004765141950266 0.05880502445614002

0.0576474603771912 0.0711744718319333 0.0676083143042729 0.046704054275849886 0.06066517406650499 0.04092885207328085 0.07799168169576899 0.05562480692900119 0.07750603984330591 0.05671845428007572 0.07060307772516032 0.07704375597526307 0.08033925794159683 0.07381263370471339 0.08563196497608162

0.06201473677042054 0.07323505248949272 0.06054442579393858 0.06275411365861343 0.07094976990764494 0.05506524937330471 0.08524076906109114 0.08346232043077473 0.05803488849142863 0.06415304474363683 0.0657804772148889 0.06576531189141294 0.06578483115947627 0.059660374824245126 0.0675546341896307

0.07366597595930344 0.08291206410294016 0.06238149254612667 0.05998945754260186 0.08008716208930375 0.07184134463013543 0.08182307018819031 0.07936543009859577 0.06260569709976237 0.05088000731196236 0.060873124487580796 0.05652593953591478 0.054018927254446895 0.0643128379524728 0.05871746920066265

0.06405186589813842 0.07955401402448807 0.04993560544797679 0.082473195306534 0.05569285172731204 0.05176433779918537 0.05562131361220176 0.06584247248828175 0.09309725661217512 0.07229695416453912 0.06977612881105776 0.07556106835655989 0.06760775386430821 0.05588676141630836 0.06083842047093351

0.06698338261029314 0.05886286651540164 0.06822390330502877 0.06459884772590568 0.06638870336890601 0.06880803628687751 0.05340293488578203 0.06628590368429213 0.06498260628495012 0.07866119704927181 0.060124197846243656 0.0828625954750089 0.06387200351582001 0.07465487881361377 0.06128794263260488

0.06080098422415859 0.0542833614203383 0.06117663872935517 0.07683901768439651 0.07772965037603981 0.06481299105684356 0.06832578191381623 0.06221123668402735 0.07310717641754043 0.067970543466518 0.06808139857233103 0.08185869706601988 0.06701187736291231 0.07827991312825738 0.03751073189744558

0.07183681650877807 0.07230672094996422 0.07216391709420704 0.06934386524707785 0.0844224856104787 0.05998727550972468 0.049405792499806235 0.07142562123587617 0.04874128443956476 0.06380988044386408 0.0640787985553187 0.07219213149325125 0.06754448680501626 0.05837935876812033 0.07436156483895189

0.0540107832852141 0.07095806256249237 0.07347257864478773 0.08069136120126306 0.06471895524278971 0.05761769110101413 0.060114681931816516 0.07640302267672923 0.06645795951955967 0.06291721176417482 0.07741340256100397 0.057698859615715026 0.06942591534994594 0.04739279490384292 0.08070671963965094

0.06743422231812807 0.062025420199651966 0.060206455755897455 0.08090745887022409 0.04394068954708016 0.06341367746235492 0.07523164602119402 0.07249940121740725 0.06697129553299201 0.07193563267524139 0.07852649550634645 0.05764411491649728 0.06323284384252105 0.07172838767000192 0.06430225846446216

0.0576656672458351 0.06903617076847594 0.06327711516751533 0.06348053973987675 0.07013883984477973 0.07596128725661319 0.06087052707898796 0.058900273176650884 0.06943522098780947 0.06132776392993963 0.06772087438250739 0.07417720192524432 0.05937662908215604 0.07554622851395712 0.07308566089965113

0.06536164829189 0.06457587405565507 0.0709770247824998 0.06255183195962126 0.07626034716803692 0.0640616267377174 0.06317670786790322 0.07212345955161173 0.0744554379563311 0.0721188162663764 0.04209330550192474 0.06629196753534133 0.06913728161435864 0.06968458605027347 0.06713008466045897

0.06116205898418264 0.058859961491945015 0.06787426268576285 0.0627331682063263 0.06373638079472543 0.09347495729500348 0.06824373899749804 0.06435035871730724 0.06486590247018938 0.07607333599410503 0.08212378356483452 0.06507188621502447 0.05552759061528106 0.050958532459377245 0.06494408150843732

0.06811903354876493 0.0699768191792092 0.06600544836715772 0.06968220904795047 0.060104707021265164 0.07195735475240472 0.04754326891100335 0.06644887292399429 0.07608161797234142 0.0710086737968496 0.07246521814038231 0.07224534363108256 0.0565049060884762 0.06882658788382322 0.0630299387352949

0.06859045791822839 0.0540885525752578 0.06143607991107046 0.06362229641204563 0.07809566562032721 0.06918222667476343 0.07014467942553348 0.06210501525477209 0.06894539216199096 0.07405111176561308 0.05885882812678689 0.06560467873298365 0.07990792775069214 0.06025352541899515 0.06511356225093967

0.06726398311709228 0.06582545482823976 0.0728478597257159 0.058508313136289875 0.07761296222390313 0.05650982859968994 0.07626620902979173 0.04563088671856923 0.08464725330304744 0.06372540236159938 0.07159662320305674 0.06476156652176585 0.05558738560388066 0.0669582435660392 0.07225802806131887

0.06451029541710135 0.05703592263521637 0.06725183029510536 0.08648543446046543 0.04725847153128057 0.08362830227547936 0.07098149932257802 0.06011253601431309 0.0753005154718802 0.06684513772934 0.06440991805901093 0.05238509556642791 0.07384853539679631 0.071029796959484 0.05891670886552115

0.07499574546244125 0.06845052453689351 0.06117737778680857 0.06595053722520029 0.06266205684283353 0.06664994702773575 0.0716406351873252 0.07796945480390735 0.08355990782636137 0.06207535658604781 0.06380440171290286 0.05710844832835473 0.05761828415608491 0.0525541144255656 0.07378320809153742

0.06809758612828036 0.06604663576592366 0.06582346995240146 0.06510296865801024 0.08107614093445696 0.06645209690155233 0.074953502584793 0.08024370755002967 0.050429279720543736 0.067126604004953 0.06479980841555512 0.07834855680786101 0.0750284996162191 0.056120472724813956 0.040350670234606534

0.05841391164975683 0.06396769489495654 0.07537599678529912 0.07543510955540905 0.06947604685815387 0.06414086279307604 0.08912494451456923 0.053830427331776745 0.0532701350695417 0.08056287225751108 0.0671955769238038 0.059220302785658735 0.059324630522441926 0.08013823818852508 0.050523249869520226

0.05892068132198561 0.06581738518891771 0.07605590411240017 0.06138567924768516 0.0527315390205855 0.06677770458916371 0.08168132611443973 0.058085955459200346 0.0520925515056843 0.07774065804564384 0.07462576217394695 0.07253818786922628 0.0764324039113094 0.07030225399736681 0.054812007442444466

0.07366928341681368 0.07123161926593308 0.06311664416836463 0.06791745556920652 0.06778185570411945 0.06715976689453595 0.057975284178980374 0.08170427911845729 0.08120283043559526 0.04366912406242395 0.06439715909819901 0.05694062960144329 0.08657024337609917 0.05822810943392523 0.05843571567590311

0.064242113482999 0.06137380017408129 0.07308879274393708 0.05893458240413132 0.06807648002727064 0.07083675986420569 0.05994620081922322 0.06090191144292151 0.07738243328201062 0.08122254687694472 0.06799248906249546 0.07226018291244295 0.053109978026052704 0.07437210902280797 0.056259619858475614

0.06421231310036578 0.06090099468190199 0.05212198345813319 0.072468926588549 0.05339413899112592 0.06640556828192147 0.07487842312154719 0.06712571454820458 0.06981771999950552 0.06966405827982855 0.07428306785408675 0.0632461026931388 0.0700055337261615 0.06660944591728885 0.07486600875824091

0.0633682645997423 0.06304411256045356 0.07663805534245101 0.07238607022812775 0.04864974486701877 0.06765157131435709 0.06661607474387679 0.08765459406505542 0.05614596447966674 0.05904400470055948 0.07059419763077922 0.05589254958834308 0.07926125614512809 0.05292653984069867 0.08012699989374181

0.055389706999184336 0.08592217488524127 0.07506319460291723 0.06968681161424183 0.07201070397159944 0.067490028097792 0.06142429767247767 0.06677154522192001 0.06674393065622523 0.05872460346432071 0.07047021815220207 0.06483997453161028 0.0648315144796779 0.05636961324428319 0.0642616824063066

0.09286766638158238 0.07003402004597599 0.05521955037787842 0.060027175830923804 0.06186668394827055 0.07119335505321522 0.07385755005113537 0.06995530898264911 0.06717873188903287 0.048035106919869085 0.06766017222026076 0.05505546664219232 0.06876525862059768 0.07876048295140683 0.0595234700850096

0.07178142164725226 0.0591260653556807 0.08484949294495585 0.08244763774674724 0.05686452464102935 0.07405331860274347 0.06619504932626309 0.05365372072775131 0.0590420885450942 0.06288387918598896 0.0845180494537078 0.055964428353242085 0.061262534337051144 0.05891563710712766 0.06844215202536504

0.04682491319634665 0.07899219916365344 0.06448404953962135 0.07867921061701406 0.07276191390757511 0.0694796924469357 0.05123713121547406 0.06664276495664018 0.06443166040776556 0.06381366872458034 0.06002921435368987 0.06688168182017286 0.06671836206491852 0.07801885961079473 0.0710046779748177

0.0664694304171038 0.0730584033576612 0.07133297491426009 0.05664374156271852 0.06516701091076658 0.06475875407876715 0.058890760260869854 0.07242641611222787 0.06697185441364707 0.06988613408039261 0.0885069276132025 0.05344488337177926 0.06113888471521889 0.06754270598781358 0.06376111820357118

0.06901070642883206 0.06398392622114346 0.05382034186012899 0.05687423176523252 0.07505322508814409 0.07659658405125289 0.062250892324882276 0.06995124498828223 0.07707988654932385 0.06791567060123678 0.06098031516657483 0.0658430251207969 0.07079474163912365 0.0618737154002104 0.06797149279483505

0.07626073707597561 0.06890659044157989 0.07774533979790643 0.06538536379594144 0.04297025581383005 0.06487436568624072 0.06874312793134632 0.0681761810582551 0.07418081550225651 0.07105794018517868 0.06742544085120572 0.05300728074493954 0.058369109936699914 0.06095976649135075 0.08193768468729314

0.07543865679814679 0.0717248591406227 0.07310262604163603 0.09507399111595063 0.06014792548555563 0.06735760376833096 0.05753849889137114 0.05649587646831919 0.07144180560442481 0.06428933728653616 0.05341997388600083 0.06546795239875403 0.05612936952750022 0.07121589521745551 0.06115562836939536

0.06122485798739312 0.05033496241003309 0.07356189247702778 0.0625470746230826 0.07843247693097455 0.07459947560816078 0.07129282867630782 0.07376170638412088 0.07675328100605962 0.06661879638394662 0.06515906917513778 0.06895372680993443 0.06242761613787872 0.04549928525409273 0.06883295013584947

0.0760602342960878 0.06622012955745503 0.063675734473133 0.06999460180259962 0.07950786060901653 0.060994854521561566 0.049376944265725184 0.06966462622713812 0.06417878772945759 0.07066052386683075 0.09105990643169795 0.05615288417789113 0.05926935441284826 0.060605884774993984 0.06257767285356351

0.06441007603830937 0.06182317152697058 0.05660264943340953 0.0735299164353833 0.06303052934635961 0.08033439297141719 0.06715284190865863 0.058669993313219246 0.06622174587620208 0.06280237408532559 0.08074283418137208 0.08539760646506726 0.057729870575017925 0.06793163545408469 0.05362036238920311

0.0884751889495101 0.08684343002451922 0.068924761116825 0.057593784897876574 0.06362981078726807 0.07091023645766538 0.06575658681816944 0.07224829103788949 0.06117271007355288 0.070801470202956 0.06490795390875909 0.06691221070538109 0.056959776561087506 0.053095042189611405 0.051768746268928745

0.06933952814862948 0.057694596083910546 0.04224553255411288 0.06576716351435918 0.060204909912068186 0.07069427555342656 0.07385786132482432 0.07901894976075421 0.07344227764534579 0.05745340527507317 0.08191275558387573 0.07161163648103556 0.06561356581922438 0.0761072652227173 0.055036277120642685

0.04651448055329491 0.06080627041271788 0.08513138470542006 0.06143054982545317 0.06911119224804818 0.0661200337218246 0.06804428421753413 0.06535930390237736 0.06999678273654185 0.07293648805789435 0.059705819029264515 0.07644976015196728 0.07327246532072296 0.05767758735009999 0.06744359776683877

0.06933107928842244 0.0590147582272373 0.07143339503919338 0.06866469824466429 0.05925870077925198 0.08613227261992282 0.08884222643742591 0.0573430490931779 0.04290069042815883 0.08769096260109832 0.05736928042545114 0.06538832699901534 0.06993804748388077 0.0704076285126809 0.046284883820418656

0.08372925369608275 0.05549967252070572 0.06405081719491298 0.07583829438589461 0.0717113900237096 0.06515177805896134 0.06629336989157429 0.07079269660688593 0.07070462530476873 0.0665430820034188 0.04707377387042778 0.07083540150851508 0.08391576794546263 0.056696026979332244 0.0511640500093477

0.05175938629014483 0.07330371678045386 0.04935323099413837 0.06571491365516048 0.06446239693182398 0.08157130365951994 0.07403739141177607 0.07435591065516406 0.07750699020161235 0.055641879518655686 0.0703547108392198 0.07368604984935763 0.07693903580975911 0.05389248747989309 0.057420595923320675

0.06415509572295863 0.07160960780881954 0.0635920350388031 0.06465095712634829 0.05432859935807569 0.08153322285827488 0.07110315044804408 0.07621336781655715 0.06428331875029987 0.0644869348023834 0.07332293585389271 0.05284136203653532 0.08082061410992725 0.0570493099529553 0.06000948831612477

0.06846318117340805 0.06682947600937866 0.07165906159838203 0.0690081950674078 0.0653564262011159 0.04355137861904748 0.06801580970844026 0.06892943904806306 0.06684090661341445 0.06814219276244686 0.06831681654706397 0.07766942039982366 0.06102252416032141 0.07097228767896602 0.06522288441272037

0.07238962960994942 0.08042757875790864 0.0748068430061962 0.0593068433234385 0.05355966790329581 0.05437218998923315 0.04462235622294801 0.06180807789359404 0.07342771668864838 0.06454667583373644 0.0852117497508344 0.056877748523196034 0.0764859353328494 0.06705847407706371 0.07509851308710806

0.05405579369295915 0.08196120630251173 0.06320588847672552 0.07656963797052224 0.06374842949906681 0.06397666645210834 0.07497394228819922 0.06605170577740392 0.07269601791176532 0.05995316744989401 0.05465799969978909 0.059076750741035605 0.05689271888715369 0.07578780784336304 0.0763922670075025

0.06670764496386111 0.07044491452462777 0.0621330898290973 0.07574492218712431 0.053445832090112645 0.07911114954052927 0.04774210657441822 0.06465316172041148 0.05945645465980373 0.05589927543242823 0.0644801173152408 0.07193237788091776 0.08725895868823892 0.0706865183511217 0.07030347624206656

0.07184966998949983 0.06774731577646396 0.05968486634793586 0.07546683671501661 0.09666796778433014 0.054729975698869344 0.05665407831112086 0.06541969277485092 0.05595072713385051 0.07494160462901124 0.07104310866887624 0.049247399964077274 0.07958638142603695 0.06664448762528824 0.05436588715477217

0.07095723075786178 0.08300781768293355 0.0629877469463983 0.06943061767348381 0.06605094656941635 0.052003063019477075 0.06345606647952778 0.05746292689654521 0.0639667358248502 0.06936653938062402 0.07637782331350615 0.07136199566827378 0.06232448516401988 0.06042378543641754 0.07082221918666463

0.0631839404189801 0.07050071380298009 0.04505751636803665 0.09526500817890948 0.07105001650953749 0.06983919255785492 0.05179535460435312 0.06509872219058546 0.07001440868060876 0.07122197287371203 0.0745929518761949 0.06981625028323764 0.05670603725474747 0.046833768872310236 0.07902414552795164

0.0711989917031207 0.08305665264477832 0.06806641940537707 0.06982526049583425 0.06646908266770252 0.06296003181716385 0.06731336907701983 0.07042112091478833 0.05812984590851384 0.07187684430630374 0.06296782885983895 0.0783328318298229 0.0753255113900231 0.0459036368111784 0.048152572168534434

0.05905570266246035 0.04971425479384388 0.06896762356478338 0.09120710022039322 0.05473631519434989 0.0692514770099167 0.07488065807835889 0.0624198431365018 0.06082667917971445 0.05786191564213291 0.06347389215113283 0.07914589463105645 0.06553068720286481 0.08039657183056106 0.06253138470192934

0.06085641543788105 0.06603641830556208 0.07324601271951686 0.07591714406209096 0.06032226500899802 0.06649677589011366 0.07606093643320541 0.07024326969300734 0.06183888318328819 0.07305440547708394 0.06487955664873724 0.06079415917261667 0.05504321360001238 0.0668156158800114 0.06839492848787485

0.06836768040566088 0.061568100933793134 0.06763580659649857 0.07339663125618236 0.06316261564463738 0.05520647734451124 0.06424335894495423 0.08359976450807674 0.06220851144797658 0.05215874336043096 0.08132929182218855 0.053963624558707776 0.09329599396978958 0.06694491691909205 0.052918482287499964

0.05542686722900505 0.0602078542961754 0.06187032635676119 0.0736249446114385 0.0637577031142737 0.07940389980550817 0.06393001438669596 0.066278577834571 0.07126263069357314 0.06251733806681806 0.07897085703423848 0.05997412855602529 0.0510961317546451 0.07720256334877446 0.0744761629114965

0.05993668903160435 0.0688858484459459 0.07937075485070731 0.05943638933315742 0.0624165750938065 0.06677192945934142 0.07666615898144484 0.0683678444743676 0.07676839222867737 0.06421615592157776 0.06515512947212997 0.06329062360060704 0.059404315112244276 0.061989601687023214 0.06732359230736519

0.06631885370288852 0.06180104760869941 0.07071910178358863 0.06253226913095603 0.0680583001341087 0.07782064721826833 0.08589794658755227 0.06776760710029937 0.06495486212268352 0.06433463736143727 0.06445656751357068 0.06059364371703477 0.04848448757794352 0.06577944161915769 0.07048058682181114

0.07594463269260568 0.08262652610186735 0.07045346104685105 0.07415223642498994 0.05725730964359968 0.06294714984492945 0.07188107832925542 0.07130162173092293 0.061185990325371135 0.05531855446196947 0.0770675938951933 0.055351559924364566 0.07398346165294595 0.06118169980253446 0.049347124122599575

0.06805196481818956 0.05684600510409267 0.05202823894462734 0.07536338855398128 0.07477276177373998 0.0759627798647208 0.07709125866073427 0.06758192944717728 0.05223299816228946 0.06673795004895045 0.07891070677230036 0.0609164168139528 0.08149131166724628 0.06158754716909188 0.05042474219890558

0.06502470565726212 0.0703117726389092 0.06173584434650565 0.06169268829987118 0.05949827427113055 0.06767024305340137 0.05762484185158344 0.05801140819360489 0.06314659500863401 0.07126734129561181 0.08783861860982767 0.08389914189036402 0.05807285070382613 0.06242913866518936 0.07177653551427841

0.06531956156791081 0.06504009573501891 0.07718330418979266 0.09022431699211259 0.07466640008831604 0.0924150007455398 0.05914447585471842 0.05033765510780422 0.07523446691664028 0.06072316345564968 0.06562198650176201 0.06857434593958774 0.06114782990059606 0.05456921762977261 0.03979817937477814

