
0.11883530638156103 0.1040065426212081 0.11835408552774779 0.09095660047611318 0.06664023709190105 0.10619224709563416 0.09208179863464208 0.10833825540509845 0.10737770800609629 0.08721721875999791

0.10913642625585787 0.12989861028107216 0.10481483786827123 0.0797761660177817 0.08348603265909617 0.08496603157287008 0.11560774295057877 0.1030895001789737 0.07897551288339746 0.11024913933210084

0.09059610437078779 0.08800370937563552 0.12546891257260268 0.10075896603192089 0.12894451078645663 0.09119999072097451 0.12371319902165694 0.08260513180317863 0.08234380741664316 0.0863656679001433

0.09895599963853438 0.11619776657403391 0.0954980072103366 0.09867501761653041 0.10345277519512613 0.08971807197746293 0.0925429372280631 0.1278669359641687 0.09607097601732653 0.08102151257841733

0.10407259459415706 0.10117845533544892 0.09285711322597037 0.12879622298667562 0.09855409475682857 0.09234216348290629 0.10131427600866519 0.10145517366244103 0.07850581542274673 0.10092409052416024

0.09842066954176025 0.11371324947262058 0.10991153517174633 0.0984129555739508 0.06938727772275548 0.11296069105977581 0.09178738462530181 0.11007641513159097 0.09083183636513503 0.10449798533536292

0.08470643931090369 0.09716264700997067 0.1088608136416999 0.08992125464606698 0.10363461168149675 0.13724220019018987 0.0802598057045491 0.09064321736824164 0.1059006615825477 0.10166834886433362

0.1000525027748106 0.08501102424677942 0.07941502590228651 0.09881458550716132 0.10985010125926689 0.10895769108418561 0.10895053552680971 0.10287609460498294 0.10364938897352056 0.10242305012019641

0.10709689946473723 0.08793203733194452 0.09442286532819644 0.11900248079523891 0.09106294194945032 0.10799515275279299 0.09611711892881925 0.09831030774371712 0.07794694213618387 0.12011325356891933

0.08156138659606636 0.08151273093958313 0.11306046144160692 0.09060158528197643 0.10212375997757552 0.09639796547859894 0.09579495411075623 0.1086893958386003 0.13012688091411884 0.10013087942111738

0.10712264034968659 0.11087361278478704 0.11562307665552056 0.09158720241750055 0.06202973507381045 0.1015829479552392 0.12098032772788646 0.08175251430036697 0.10684441535002369 0.10160352738517858

0.0898854604104564 0.09812749327710733 0.09147861675816371 0.09240937455311773 0.10360446821637104 0.10863661169825474 0.12922614799824475 0.11807166706061123 0.07468581940182907 0.093874340625844

0.08458658949470771 0.0743766098444604 0.10413910167830143 0.10559787544649667 0.11960301097404377 0.10357778699903991 0.11022636505335758 0.09433443785405335 0.09071036849429545 0.11284785416124375

0.08123493396400004 0.1172549043547781 0.08377700812995287 0.12173347617705248 0.09854856501191042 0.10717980590256537 0.11566611361293017 0.11071492191030427 0.0906622905287498 0.07322798040775644

0.06951164780994275 0.13336345657866358 0.0985297881204318 0.1218289506138309 0.10685645188690306 0.08547957432259891 0.11245105974728911 0.08680243850620768 0.0947464225015415 0.09043020991259057

0.11253952981726058 0.09477673065500751 0.0873377802644241 0.11333896265956495 0.10269457453899121 0.12979627658805273 0.10468546976998121 0.08222440925208926 0.09678044400308292 0.07582582245154554

0.09775693963207209 0.07362915429034504 0.09495827542234148 0.11946201272226029 0.12208425628655192 0.09478921902886153 0.10553182801471327 0.09908030310461306 0.09483239092144351 0.09787562057679784

0.0823902579104247 0.09453718985029251 0.0909384703825771 0.11140215688055935 0.10425132564010331 0.08579272582745759 0.11696054686906925 0.10209411215616068 0.10991899206248035 0.10171422242087515

0.1147086910623327 0.0964810728124467 0.0778540231826271 0.09805854849610876 0.10695180168088889 0.09420557651207496 0.09230248904606254 0.11845800410276511 0.09520125312173293 0.10577853998296034

0.12209523216042921 0.08193664970952358 0.1009933782801577 0.10539899155696175 0.08417692985620213 0.10663876929782835 0.10962392078623101 0.0967911872583054 0.09119257391138952 0.1011523671829713

0.08435185462191327 0.09276039480147798 0.0935248917006637 0.09117025971622923 0.133325236645898 0.10517586801282465 0.09477338711899636 0.09930866885194534 0.1032567576661316 0.10235268086391985

0.08907367373108331 0.07985730834417382 0.10070006812776312 0.10678089547103455 0.10537937354687917 0.12156993047175202 0.10179971250155155 0.09847047378982215 0.0915739897030123 0.10479457431292781

0.07645065266098326 0.08547367204122715 0.09989295886999898 0.12386394957767155 0.12286686553324243 0.11828109315166081 0.10386987040411567 0.0870150083493691 0.08752920064402149 0.09475672876770955

0.11116523262957806 0.08520676475742213 0.09798577587854312 0.10007296736115046 0.1028848263934816 0.1057755322410239 0.09915632395654485 0.0995577327434222 0.10439975123391541 0.09379509280491825

0.09998651301258642 0.10027517709057013 0.10347587437406372 0.09531430528325904 0.09973435870364562 0.08855233809086832 0.09842761494799004 0.10992020084504611 0.08631885895835137 0.11799475869361928

0.09262646342762684 0.09505255930385632 0.1006029812216403 0.08846589545184069 0.1350277581466536 0.08618843770144491 0.10363678541773019 0.12161840163850653 0.10342615227442771 0.07335456541627292

0.08992601310566546 0.1330065826722214 0.08080593772365455 0.0900278539851444 0.11413273669459059 0.11019673642086307 0.09450750365541344 0.10775994327028621 0.0844227733285586 0.09521391914360225

0.101949657234289 0.09332182103944417 0.07306209822344406 0.11717955739387556 0.09281896724184105 0.09874535009443625 0.0830458244824125 0.12305319018446545 0.11419380116516845 0.10262973294062347

0.09545443567291167 0.12899855626152376 0.10936486685557284 0.09902371237005925 0.09062498360724097 0.0895490971487102 0.09555145060480374 0.10654890075158 0.09232625737326652 0.09255773935433112

0.0984765129689379 0.10808765996036808 0.10144761026689827 0.12045377822644998 0.09050782717591171 0.10186593566073457 0.10624627663593156 0.09587067734532456 0.0811403463409634 0.09590337541847996

0.10208496360457911 0.08174082821701156 0.125356898951302 0.09266993223879003 0.09333415715660465 0.11827819207859579 0.12250408076711652 0.10411722683277999 0.08669962096633752 0.07321409918688282

0.08091599242642886 0.10444790004827978 0.11958193424667506 0.07548418897127131 0.1211759518260578 0.1099079410482223 0.08339379014392209 0.1029685709552742 0.10040271927521015 0.10172101105865847

0.08082193482139766 0.09274162113968536 0.09308357166358935 0.11113699102092021 0.08574773252555792 0.11172912037128647 0.08317661684821209 0.1110111688473702 0.11168965016708308 0.11886159259489776

0.10276107374036741 0.07594357283221834 0.10237167402526853 0.11974993917296903 0.11937976280435961 0.09101063392307575 0.08565703259134656 0.09266282505106997 0.09530999060513687 0.11515349525418792

0.09230919982796333 0.09799306420941159 0.098687890957112 0.11069400945551346 0.09986920743301207 0.09920956487866277 0.08180580108166005 0.10394384155339331 0.11456722941072872 0.10092019119254274

0.10450760670206463 0.09295462603723213 0.09691151301162793 0.07799208703673106 0.11757695309511242 0.09330444448633773 0.09709700204887349 0.10486062064198061 0.10601455762969501 0.108780589310345

0.1281020925905349 0.09381986436719277 0.08616022525111189 0.07844723294925915 0.10137720621349972 0.08395687211867456 0.10872537077262251 0.09836482236955821 0.10713950700241531 0.11390680636513097

0.07204223566822376 0.11134048464291219 0.12321712165384097 0.0941312273643623 0.10976496078738524 0.07380224110518638 0.1046335654856602 0.13066130207479892 0.10048925819035703 0.07991760302727301

0.09316377116498878 0.12000792832954207 0.10335202692276468 0.08825316396949877 0.09055914505798186 0.08724624992851715 0.13585152131399464 0.08239733532917133 0.11445429903002093 0.08471455895351993

0.09065855496360473 0.09523514153245563 0.10447414385359259 0.09357589869853628 0.09214639367374361 0.10240885607277449 0.10994886645704682 0.1048503225982515 0.10509916960354472 0.10160265254644965

0.11404859881584871 0.11904558074111035 0.08578352834783709 0.08007984568803392 0.08770444310912237 0.08940690978640026 0.09324192390542729 0.11549436051024095 0.09603569227913353 0.11915911681684552

0.1132258835808478 0.1098474805545412 0.09548759531447223 0.0903150319133883 0.09725893565109436 0.09243970978635366 0.08941347855861079 0.11932975709313258 0.10851200823153971 0.08417011931601937

0.11023943451977977 0.12167684739681162 0.12654379144158664 0.08233521417790605 0.11178466399455353 0.08924277893410293 0.10590013225423117 0.06675903529821067 0.0871014527466575 0.0984166492361601

0.11149166069940097 0.10254794830927777 0.071350793249713 0.0968758834605895 0.0887458092600934 0.09250216597447292 0.1145023959394235 0.13433780641989165 0.09978981942348025 0.08785571726365704

0.1024356349855011 0.09637304675900794 0.07328301235257403 0.10619029488997003 0.09436130010329469 0.12287392520040893 0.0963393309657885 0.1100985123246539 0.10329377392592048 0.09475116849288032

0.10100446202298292 0.09016746333258652 0.11142309898372442 0.11907942595841513 0.08782400223584855 0.09736228410433254 0.09363650067152966 0.10146143348387023 0.11347409001880622 0.08456723918790365

0.10325741852612523 0.09058711961238025 0.10231400685903792 0.1134096385603668 0.11084100642694758 0.06376508414859655 0.10677028325293106 0.09989064932752029 0.11062248169843651 0.09854231158765776

0.08353575425641915 0.11158152412037395 0.0943664990965753 0.10853447863571472 0.10792964280357452 0.09726976708246354 0.09437302580180901 0.09686997756413843 0.09597180231050009 0.10956752832843135

0.08533188089796157 0.11833025613319464 0.10455215625530472 0.09647942109986263 0.10223540603099182 0.12444213167445739 0.09055107714876393 0.09807457802541866 0.07978311988604078 0.10021997284800387

0.10223092881782438 0.09670884372826524 0.10378972149987156 0.12223292479324607 0.09722821540817062 0.09810826163187 0.1076984938766247 0.10013354310103353 0.09824369281416356 0.07362537432893033

0.09765749087370908 0.10496115764143059 0.08604772309456064 0.09831816222711055 0.10353547121617705 0.08223393085989221 0.08035075848797399 0.11878699251533904 0.10889362021696083 0.11921469286684609

0.0956859468898048 0.09571923751335303 0.09585787217739661 0.1029808537154389 0.11564410632591667 0.08867870919457153 0.12866194582222581 0.10030093114764006 0.07249657365533342 0.10397382355831934

0.09488900977914771 0.11979505378009499 0.08855087510931614 0.09702992220599453 0.11385572580619921 0.11931190494041014 0.08676708867475719 0.10550112284608561 0.09809982224704943 0.0761994746109451

0.10515788899065506 0.10383662200766205 0.08254124078057021 0.10398317634565199 0.11179311428028334 0.10019064148215062 0.0825879004995024 0.10275699134978789 0.10328559877269484 0.10386682549104155

0.10927433549769018 0.11114505649823977 0.09495874089004137 0.11497545831611308 0.08552061730193072 0.11502941695400005 0.08889013653652139 0.0903710144711445 0.09926579776216655 0.09056942577215235

0.1033721744950758 0.11930557212538738 0.11012667860968077 0.10903663202405225 0.09002936490192125 0.07758487631436081 0.105634401647829 0.09397009675726248 0.09680952290057343 0.09413068022385679

0.10216625315364784 0.09628063392528552 0.11688863315377064 0.1008713604197024 0.09834893881795148 0.09915947954258168 0.09305104315624894 0.09243936312789551 0.10429011908695746 0.09650417561595864

0.09450421301171992 0.10466037547970317 0.10491370225331968 0.1003256829696044 0.08163774363419972 0.09286599551325629 0.11588922812805971 0.09290335038715435 0.10245924559628138 0.10984046302670133

0.08083194799681903 0.0908070577675515 0.10359656676456086 0.09560656854615779 0.10734525788178868 0.10082006497016006 0.0945470574705695 0.1215082866797903 0.08808963638735479 0.11684755553524755

0.09568464257783803 0.08948561183480297 0.09589307366604856 0.11185208178358355 0.1068957821655438 0.08046880553119201 0.11582792556778328 0.09905922855260955 0.11538689674085448 0.08944595157974378

0.10492768476773055 0.1148883063939798 0.07199887439542911 0.08604649506235695 0.11188135739239796 0.11251674765460884 0.09187831747379485 0.1141386597868746 0.08353476618671425 0.1081887908861131

0.11594930130334115 0.0867039450080918 0.09571521206832445 0.0999845129265911 0.07791642077544456 0.12006183912989991 0.10896529563717784 0.11644868016960176 0.08413195937710032 0.09412283360442723

0.10909834439065834 0.11637936251586052 0.1091365455211007 0.10327854678767216 0.0750965547781776 0.08440590991920467 0.09930213309679163 0.1034749320458112 0.08304744534837186 0.11678022559635143

0.10297166398491037 0.08487853455927025 0.09007826651785496 0.09623624305311751 0.1084453273991515 0.10212854922840067 0.10550211288276487 0.11327504369291398 0.1040166080638614 0.09246765061775453

0.08922584751222598 0.12753805756018838 0.09675043049926368 0.09958628960727509 0.08583457064740307 0.11393065905262342 0.10705249692954333 0.10166496684929263 0.09424310755970339 0.08417357378248097

0.08199535259212175 0.08877548412307384 0.09231419222006364 0.11704920693058173 0.10617866322669164 0.10898097532554359 0.089299566467741 0.10465072529503017 0.10317918964741804 0.10757664417173445

0.10185241089692264 0.0927627422974358 0.1076305382478394 0.08934372679814806 0.11208837733162225 0.07168980533777501 0.10124694929789681 0.10605805720914846 0.10623868882201874 0.11108870376119301

0.10714998599572884 0.0969275183372671 0.09328305167099236 0.1144859668895703 0.08834955820629317 0.10387856568018655 0.09719921323032127 0.08664482870908932 0.11103098666864875 0.10105032461190239

0.09143294564388693 0.10720842296475862 0.10003236038344826 0.1006138641196123 0.09486762870303889 0.09731723080562034 0.09131119683022307 0.08214270128479213 0.11855426530112709 0.1165193839634924

0.08090798088163255 0.1157789409828477 0.09633291129831416 0.08256712647022266 0.10872351602357525 0.09264495939118013 0.09861339642280756 0.10451068485320414 0.10301287722702923 0.11690760644918663

0.10494331921598332 0.07965093841772333 0.0992822228797094 0.1284448371625561 0.09416213341975023 0.10160310358940249 0.11318461239511113 0.10292521033598823 0.08573735628762666 0.09006626629614907

0.09865526148533288 0.10015958827603531 0.0828879474414603 0.10716269073030252 0.09004504944871952 0.12001383707612731 0.10693109747588882 0.11353350401272286 0.09245904970629294 0.08815197434711751

0.12034740289828419 0.08394810911614603 0.11002641724797026 0.0959682447490738 0.10821812440259507 0.11578825760507234 0.09458594883264156 0.07795503513750002 0.1136066593663423 0.07955580064437447

0.11234828058909946 0.09790140879434248 0.11066054916771906 0.09062973421849523 0.10378073715805305 0.08735275236889134 0.09759965320218664 0.12261951697194187 0.0796811938457703 0.09742617368350057

0.08743916210799718 0.11328405064325302 0.11245274651518065 0.11243441093484971 0.08973958332762591 0.09656606759398915 0.09201166413967918 0.10036516089913503 0.1131143207002829 0.08259283313800729

0.07611980256042127 0.11028168761481716 0.09536194540522826 0.13628744007703733 0.08973850612306239 0.11835087794954091 0.09842975914647512 0.07474895498626295 0.09275605439488492 0.10792497174226974

0.10374393338225163 0.11882818295240989 0.08477506664101815 0.08377792546352442 0.1041543135502297 0.08728714212149344 0.09572794762014397 0.12447344629029822 0.11358508425865375 0.08364695771997685

0.09704114672505357 0.10971967342179226 0.09003073633895001 0.09224983685700955 0.11117229483867838 0.08933744975060234 0.10149017320139544 0.10057281258468849 0.09869549918299231 0.10969037709883761

0.09550304569470534 0.08213270562081403 0.10050722977048529 0.1275624423152108 0.08519441152289402 0.0994332810347771 0.09732546062059838 0.09208167316762886 0.09049763244037769 0.12976211781250852

0.09700336743039892 0.09834043801898945 0.10050779478698985 0.09070109368008979 0.11996338851836445 0.1263937292098528 0.10266940043018741 0.08702256498627702 0.0927473763319113 0.08465084660693903

0.12643432307962296 0.11074388313266084 0.09578832905432509 0.09482691160092929 0.08526345216984085 0.10831638011009066 0.08254443287671162 0.0996908358978899 0.09309404388549229 0.10329740819243648

0.11725785023952583 0.09970870203490889 0.09489985842693177 0.08713427686814293 0.09394685311169271 0.09042315988669211 0.10052947690792387 0.10784208388579522 0.10326066891691713 0.10499706972146947

0.08847356638154674 0.11003003256111234 0.11616169570233983 0.10605149115505376 0.08479300454645183 0.08574029432116216 0.08519807321277596 0.10611352736091824 0.12472607564104005 0.09271223911759913

0.10580223523304726 0.08935221459644142 0.09885400395385883 0.09860905158533959 0.10262301476758841 0.07824035430715101 0.10594449275256783 0.08540777770912569 0.12406654338639342 0.11110031170848655

0.1084468993626591 0.09730836770747014 0.11522415472777535 0.11689648066409523 0.09439097689764393 0.08806622866091623 0.09752253444931548 0.10673557543057224 0.08602947447496238 0.08937930762459007

0.0915824492735996 0.11656199328161242 0.07470568888974877 0.06722432245498534 0.1325890724835067 0.09399798950090409 0.08451143315642771 0.09316395527421463 0.10189524464174769 0.14376785104325307

0.09043756202988218 0.11319798129415025 0.11395809911479536 0.09764991556007155 0.09705882628758605 0.11059824938257583 0.11052510862159128 0.09202086516049982 0.08860619601817443 0.08594719653067326

0.07495151712447909 0.1064006177871761 0.11330791138084136 0.09458243979033507 0.0843206143059534 0.11936609362887377 0.09891596233618624 0.09988753199319475 0.11257640825896167 0.09569090339399852

0.12118420110809433 0.0881790806513759 0.11661095698055896 0.10634138459738815 0.09915287868020084 0.09861335485634876 0.0911731805708271 0.0961635589201466 0.09546822727298375 0.08711317636207565

0.10699210158050998 0.08672699025080233 0.10845009122412343 0.11595916918107982 0.08729455026153622 0.10156135635907299 0.10570682702288876 0.10209902600914833 0.09287719566477656 0.0923326924460616

0.11331530944662627 0.10265376149798619 0.09568940799386856 0.10853125317392057 0.08618505063228897 0.11302733846374223 0.09355417299752007 0.11083212161574126 0.10067771839980749 0.07553386577849831

0.0988005749120297 0.08376130360395749 0.1083425303896346 0.09741087434357254 0.14013285798900063 0.10076810574759805 0.09370872283048656 0.08916679391261653 0.0992893246244708 0.08861891164663309

0.1314944162139013 0.09263008471206419 0.08112399391140541 0.07529964497557545 0.10020143598360258 0.09006349659577308 0.1061262491665102 0.12006415577669764 0.11103915273423494 0.0919573699302352

0.09939706863301052 0.08394996676844627 0.12105995770432387 0.1101531330013779 0.09175166946678004 0.08018193540428564 0.10386621198756711 0.09810795197633422 0.11712480293199903 0.09440730212587539

0.11336041082544379 0.10284231967905882 0.10250297112049331 0.09586214304409642 0.09317451832341181 0.08463867170048894 0.09532152201825152 0.11370924417382039 0.11124349155995185 0.08734470755498315

0.08911376716304337 0.09246961218154032 0.09421830560619546 0.10337214218888971 0.12932348800998342 0.10400546023577484 0.11635878995319203 0.09373081717344511 0.08663440093171856 0.09077321655621717

0.11314601182466058 0.08467479338574767 0.09387441523394761 0.09586946763522616 0.1012748138685875 0.08733525060034128 0.1035473686438374 0.10273778642554487 0.11010786883583741 0.10743222354626951

0.09110037599408327 0.07803303536531514 0.0799584380700145 0.11440730024199167 0.10542765872616214 0.10679929075100056 0.12184860137791473 0.09258058751767548 0.1239452037640443 0.08589950819179824

0.08406395909952104 0.07570682331273285 0.10401402404582263 0.0980082224214477 0.09796503193315484 0.1129113155247329 0.09131506096467716 0.11413474647877467 0.1073766071334418 0.11450420908569439

0.1168885267111724 0.09998327434557448 0.12802537512867096 0.08937706019229352 0.10118770916874398 0.06649904738654612 0.10903181414940172 0.10165088667940692 0.1044845900672313 0.08287171617095865

