0.1816765093041079 0.17224677970286045 0.20949419369608985 0.23271477604961763 0.20386774124732415

0.26279462403384457 0.20723056518222194 0.1720582440324098 0.1577752358870027 0.20014133086452104

0.22381685163644888 0.19399407099440666 0.15735604777876921 0.21912583269657931 0.20570719689379596

0.23785649677376286 0.2243912507684734 0.20045272616931728 0.1677316101120612 0.16956791617638536

0.1967273915843354 0.20127136252374128 0.19261743948235804 0.1391307011092709 0.27025310530029445

0.18905842635615244 0.21875791381623771 0.19292894901418572 0.19035285216485162 0.20890185864857247

0.19393467643847484 0.24732497812452175 0.14192680165631552 0.23493140780016553 0.1818821359805222

0.21974286589623204 0.15598449467424208 0.2009475910636014 0.24306342692297295 0.1802616214429515

0.1238701280032312 0.20219738543767185 0.23295317738400523 0.19471026763527333 0.24626904153981818

0.204335661159522 0.1901793252020832 0.17306328338697763 0.209343130300087 0.22307859995133014

0.206845751493752 0.18600745613707137 0.18851534726406766 0.2360274357276912 0.1826040093774179

0.1978768626973716 0.17092567007775114 0.2146398858687999 0.22216038146100703 0.19439719989507032

0.20404687208858605 0.21815956882298543 0.18374519568621384 0.17768479604067006 0.21636356736154466

0.21094699770531147 0.17252705092778736 0.25038891003672054 0.1961913209215483 0.16994572040863246

0.24236747368609807 0.17616687208571935 0.14967178993220495 0.2274664755316685 0.20432738876430911

0.2092081150410634 0.19367509577015105 0.2866023066248781 0.1521381643998314 0.15837631816407602

0.186117484708451 0.2482316368144843 0.1836966768663003 0.16281058813484658 0.21914361347591785

0.18802892339801922 0.22295039410630776 0.23022017915085533 0.19499769826263752 0.1638028050821803

0.18267374585219057 0.17793670379356086 0.21549284413817865 0.19850014658291726 0.22539655963315264

0.20755908591998018 0.20593654058759897 0.19023179335182677 0.22275746887704168 0.17351511126355246

0.22830600557037606 0.22955717348190138 0.19473939557097522 0.18439922557242586 0.16299819980432154

0.18244340012252946 0.23143658267777287 0.18539801975061151 0.1913266419913629 0.2093953554577234

0.22769405345323424 0.2152534264804371 0.1917127343665118 0.1817294460830784 0.18361033961673848

0.1951785765443348 0.17818872533950986 0.2090025223135864 0.2103329500973103 0.2072972257052586

0.1884442688182399 0.2539049908773413 0.18212222912186948 0.19109103578164188 0.18443747540090744

0.17138090636139755 0.22637716595987212 0.2079381648961759 0.19819024634885452 0.19611351643369992

0.21364370156415302 0.19325689467172577 0.16497044753358053 0.20877256604646235 0.2193563901840784

0.19394107192413862 0.23200705658062007 0.24152036841553365 0.15795011901142791 0.1745813840682798

0.1843472164860095 0.18348838330327183 0.25026950675920506 0.20224525968804202 0.17964963376347165

0.22469795377961546 0.1967786299268321 0.17445681712489017 0.17015034331080958 0.23391625585785264

0.1871914526610502 0.1835538053408279 0.17608637916584352 0.19248087307964745 0.26068748975263095

0.24264429499409873 0.19894994176941275 0.20842523194959867 0.13855072057657736 0.21142981071031247

0.20805324091366517 0.2073419506524932 0.1844302994025938 0.18958262336730963 0.2105918856639382

0.1468075488400632 0.21286284970901567 0.22728108842655192 0.1992403523368546 0.21380816068751465

0.20926972139609953 0.20701550265290233 0.19800675716325697 0.22830427338537432 0.15740374540236696

0.2238801194482712 0.2247027849593543 0.1837809534440807 0.17853885116640916 0.18909729098188452

0.21158900100180322 0.19616311293279007 0.2012738166292766 0.20402160300554523 0.186952466430585

0.2202863785156585 0.17634276810348745 0.1624521410538151 0.1791420584236912 0.2617766539033477

0.1965224769965625 0.19431456785172102 0.17968107349287452 0.24029998704186392 0.189181894616978

0.18115634801791433 0.23440505507421033 0.210437002351621 0.17456322839197572 0.1994383661642787

0.22112246863755658 0.23506715198289627 0.20044292222892432 0.13988272948911093 0.20348472766151185

0.2195654946319504 0.1591132630469182 0.21623606292088404 0.1525140944449052 0.25257108495534214

0.2072093849903911 0.1791073502419845 0.1656480435389513 0.17849274076881977 0.2695424804598534

0.17159256108406612 0.2046843495015946 0.18204033717873191 0.20317226694981247 0.23851048528579488

0.20656868163939165 0.16592644759306857 0.18693288386261872 0.22183154130414864 0.21874044560077244

0.21592156433205767 0.22379661215524643 0.18090484309301796 0.1991204890283032 0.18025649139137478

0.18767556069795552 0.1908222766447377 0.23296558145314922 0.19990683760822905 0.1886297435959285

0.2533067550749235 0.19928030847048464 0.16423431742214856 0.17365099601834538 0.20952762301409794

0.20181429684568009 0.16069887071600109 0.2157519833045837 0.21877237156645893 0.2029624775672762

0.17365807650878962 0.20715241845619314 0.19402092950768973 0.2268825590449792 0.19828601648234834

0.2255667218867621 0.1697768063332764 0.17968618623422994 0.22472303070373598 0.20024725484199554

0.2064207204366001 0.17905518624136538 0.21840248322465403 0.1731189574471887 0.2230026526501918

0.2124015631523914 0.2120071636472673 0.15918093801467914 0.22956710258791008 0.18684323259775215

0.1949897339776661 0.18538493437023548 0.21464647665227654 0.20336560652441246 0.20161324847540943

0.15332298584695608 0.23600319881180082 0.16497461678360148 0.19904823127451374 0.24665096728312783

0.23277679266535306 0.1693379125041187 0.19602095762571542 0.19560322860354404 0.20626110860126873

0.19938820057394863 0.19122231300257722 0.21523055372305638 0.18974064514191083 0.20441828755850694

0.16757479985551804 0.1957666796831757 0.2317241636366767 0.20933996799240817 0.19559438883222136

0.21592313209881428 0.22135113986678737 0.17320533308259908 0.17215924924926065 0.21736114570253867

0.176667449855272 0.18860198723225857 0.20494568783723205 0.21583168569121794 0.21395318938401947

0.16667146973915858 0.2579836879287213 0.23070741714782286 0.17852303514916606 0.1661143900351312

0.23356526664975552 0.1940294933568507 0.15951919769104606 0.2146938025482621 0.19819223975408562

0.2660408917535705 0.20894160380217547 0.19133640470797444 0.16921400556741883 0.16446709416886074

0.195683767366606 0.20719316574545915 0.2333920204696466 0.21897682640972502 0.14475422000856325

0.23152903899668698 0.17531664625306054 0.20327710669767748 0.20585569612088184 0.18402151193169325

0.188221166288837 0.2126689202426122 0.22182689031341846 0.15650438512373455 0.22077863803139783

0.2077391850844167 0.24332629752748022 0.19301972753213384 0.1952567447461984 0.16065804510977083

0.26644100881694194 0.1943709727410437 0.16957216021314345 0.1666036862148979 0.20301217201397317

0.21557041507945668 0.21378041004005402 0.22262780580906302 0.15865210562274135 0.189369263448685

0.15291263385443832 0.20008888753706477 0.25591208196730075 0.184180133554891 0.20690626308630522

0.21339763129370057 0.18441666702949197 0.1739893500250278 0.25113021096692756 0.1770661406848521

0.2624136681363353 0.20294457101440433 0.14144703220237392 0.19531496197692533 0.1978797666699611

0.24315609632368165 0.2110824387059002 0.21781755169575023 0.19378892177546347 0.1341549914992045

0.19557690346928067 0.19516183494149514 0.208096765112254 0.21263327395069148 0.1885312225262788

0.15723884902707663 0.1962524069565693 0.228274546760122 0.18179601461622305 0.23643818264000904

0.2344996224229966 0.19326853850427045 0.19220623948958074 0.18968541578139653 0.1903401838017557

0.17729884985106725 0.20275082910417755 0.19489817234096896 0.1846126409595142 0.24043950774427203

0.22717285208778382 0.20748102486324924 0.17792074674577765 0.16925007575698317 0.21817530054620615

0.20199298323296028 0.20145474804892774 0.22817305382167138 0.17003078667659058 0.19834842821985002

0.15772827683119073 0.26043336054264477 0.18361749766071214 0.17320866865527174 0.22501219631018068

0.18967320397456366 0.17584552795569725 0.26127898189956517 0.16236709964469329 0.21083518652548072

0.17331973261470884 0.20372651565595415 0.22603823782665292 0.193780309654727 0.20313520424795706

0.22266734218695078 0.19142116347967447 0.15456346973903284 0.24477844580470665 0.1865695787896353

0.18146844374052148 0.14885226402028884 0.2636076192778304 0.20008555718741944 0.20598611577393988

0.21141139601336667 0.18130156305072256 0.21239310752870028 0.20646478745595298 0.18842914595125757

0.1897068986458825 0.1985168617754658 0.2619474841795013 0.15386793221719686 0.1959608231819536

0.16995639060687198 0.1922625493348075 0.2533628377362326 0.18356506050872817 0.20085316181335974

0.16102437028042033 0.21042863628877373 0.17143484895987596 0.20731779897149724 0.2497943454994328

0.2319558346792595 0.17994234926678404 0.22449535973999096 0.17044000199281534 0.19316645432115015

0.2605532104537522 0.221014907302574 0.20309046446266626 0.1855070919226366 0.12983432585837096

0.19717048623049765 0.20127446790203765 0.22387867512258441 0.21383243193147933 0.16384393881340092

0.18093800753042913 0.21825587309619976 0.19690330581984347 0.21935011465134202 0.18455269890218567

0.21373637446758512 0.17815787987811663 0.1826859365321094 0.21857226486894907 0.20684754425323978

0.17626050439241178 0.19780930721456244 0.23269867736934555 0.16524674898421624 0.2279847620394641

0.21862619807565936 0.18768258176490255 0.18398313977787661 0.21226244491337498 0.19744563546818644

0.1824769269521444 0.22866499516754082 0.2105950681286978 0.18344020777417266 0.19482280197744442

0.2050591066353278 0.19702446510293428 0.17900633396047766 0.1783973660307096 0.2405127282705506

0.204060025471153 0.18525464982635556 0.20942553707251532 0.19557037627002827 0.2056894113599479

0.20038955538801406 0.22649269152369494 0.1704770969508433 0.22150501057781533 0.18113564555963235

0.19708748841810847 0.20633586849664534 0.2271576538820385 0.17849655623240288 0.19092243297080466

